"id","ODK","QTR","DRIVE","O_SCORE","OPP_SCORE","DN","DIST","YARD_LN","SIDE","HASH","PLAY_TYPE","RESULT","GN_LS"
1,"O",1,1,0,0,2,10,20,"-","M","RUN","RUSH",4
2,"O",1,1,0,0,3,6,24,"-","M","PASS","COMPLETE",12
3,"O",1,1,0,0,1,10,36,"-","M","PASS","INCOMPLETE",0
4,"O",1,1,0,0,2,10,36,"-","M","RUN","RUSH",3
5,"O",1,1,0,0,3,7,39,"-","M","PASS","INCOMPLETE",0
6,"O",1,1,0,0,4,7,39,"-","M","PUNT","PUNT",0
7,"D",1,2,0,0,1,10,40,"-","L","PASS","COMPLETE",16
8,"D",1,2,0,0,1,10,44,"+","L","RUN","RUSH",4
9,"D",1,2,0,0,2,6,40,"+","M","RUN","RUSH",1
10,"D",1,2,0,0,3,5,39,"+","M","PASS","COMPLETE",5
11,"D",1,2,0,0,4,0,34,"+","M","RUN","RUSH",1
12,"D",1,2,0,0,1,10,33,"+","M","PASS","COMPLETE",30
13,"D",1,2,0,0,1,3,3,"+","M","RUN","RUSH",4
14,"D",1,2,0,0,2,4,4,"+","M","RUN","RUSH",4
15,"O",1,3,0,7,1,10,8,"-","M","PASS","COMPLETE",35
16,"O",1,3,0,7,1,10,39,"+","M","RUN","RUSH",6
17,"O",1,3,0,7,2,4,33,"+","M","PASS","COMPLETE",15
18,"O",1,3,0,7,1,10,18,"+","R","RUN","RUSH",3
19,"O",1,3,0,7,2,7,15,"+","L","PASS","COMPLETE",6
20,"O",1,3,0,7,3,1,9,"+","R","RUN","RUSH",4
21,"O",2,3,0,7,1,5,5,"+","L","PASS","COMPLETE",5
22,"D",2,3,0,7,1,0,0,"-","M","RUN","RUSH",5
23,"D",2,3,0,7,1,10,5,"-","L","RUN","RUSH",0
24,"D",2,3,0,7,2,10,5,"-","L","RUN","RUSH",0
25,"D",2,3,0,7,3,10,5,"-","M","RUN","RUSH",0
26,"D",2,3,0,7,4,10,5,"-","R","RUN","RUSH",0
27,"D",2,4,0,7,1,10,35,"+","R","RUN","RUSH",0
28,"O",2,4,0,7,1,10,5,"+","R","RUN","RUSH",0
29,"D",2,4,0,7,2,10,35,"+","R","RUN","RUSH",0
30,"O",2,4,0,7,2,5,5,"+","R","RUN","RUSH",0
31,"D",2,4,0,7,3,10,35,"+","R","RUN","RUSH",0
32,"O",2,4,0,7,3,5,5,"+","R","RUN","RUSH",0
33,"D",2,4,0,7,4,10,35,"+","R","RUN","RUSH",0
34,"D",2,4,0,7,4,5,5,"+","R","RUN","RUSH",0
35,"O",2,5,0,7,1,10,35,"-","R","RUN","RUSH",0
36,"O",2,5,0,7,2,10,35,"-","R","RUN","RUSH",0
37,"O",2,5,0,7,2,10,35,"-","R","RUN","RUSH",0
38,"O",2,5,0,7,3,10,35,"-","R","RUN","RUSH",5
39,"O",2,5,0,7,3,10,35,"-","R","RUN","RUSH",5
40,"O",2,5,0,7,4,5,40,"-","R","RUN","RUSH",5
41,"O",2,5,0,7,4,5,40,"-","R","RUN","RUSH",5
42,"O",2,5,0,7,1,10,45,"-","R","RUN","RUSH",5
43,"O",2,5,0,7,1,10,45,"-","R","RUN","RUSH",5
44,"O",2,5,0,7,2,5,50,"-","R","RUN","RUSH",5
45,"O",2,5,0,7,2,5,50,"-","R","RUN","RUSH",5
46,"O",2,5,0,7,1,10,45,"+","R","RUN","RUSH",5
47,"O",2,5,0,7,1,10,45,"+","R","RUN","RUSH",5
48,"O",2,5,0,7,2,5,40,"+","R","RUN","RUSH",5
49,"O",2,5,0,7,2,5,40,"+","R","RUN","RUSH",5
50,"O",2,5,0,7,1,10,35,"+","R","RUN","RUSH",5
51,"O",2,5,0,7,1,10,35,"+","R","RUN","RUSH",5
52,"O",2,5,0,7,2,5,30,"+","R","RUN","RUSH",5
53,"O",2,5,0,7,2,5,30,"+","R","RUN","RUSH",5
54,"O",2,5,0,7,1,10,25,"+","R","RUN","RUSH",5
55,"O",2,5,0,7,2,5,20,"+","R","RUN","RUSH",0
56,"O",2,5,0,7,2,5,20,"+","R","RUN","RUSH",0
57,"O",2,5,0,7,3,5,20,"+","R","RUN","RUSH",0
58,"O",2,5,0,7,3,5,20,"+","R","RUN","RUSH",0
59,"O",2,5,0,7,4,5,20,"+","R","RUN","RUSH",0
60,"O",2,5,0,7,4,5,20,"+","R","RUN","RUSH",0
61,"D",2,6,0,7,1,10,20,"-","R","RUN","RUSH",0
62,"D",2,6,0,7,1,10,20,"-","R","RUN","RUSH",4
63,"D",2,6,0,7,2,10,20,"-","R","RUN","RUSH",4
64,"D",2,6,0,7,2,6,24,"-","R","RUN","RUSH",4
65,"D",2,6,0,7,3,6,24,"-","R","RUN","RUSH",4
66,"D",2,6,0,7,3,2,28,"-","R","RUN","RUSH",4
67,"D",2,6,0,7,1,10,32,"-","R","RUN","RUSH",0
68,"D",2,7,0,7,1,10,32,"-","R","RUN","RUSH",0
69,"D",2,7,0,7,2,10,32,"-","R","RUN","RUSH",0
70,"D",2,7,0,7,3,10,32,"-","R","RUN","RUSH",0
71,"D",2,7,0,7,4,10,32,"-","R","RUN","RUSH",0
72,"O",2,8,0,7,1,10,32,"+","R","RUN","RUSH",0
73,"O",2,8,0,7,2,10,32,"+","R","RUN","RUSH",0
74,"O",2,8,0,7,3,10,32,"+","R","RUN","RUSH",0
75,"O",2,8,0,7,4,10,32,"+","R","RUN","RUSH",0
76,"D",2,7,0,7,4,10,32,"-","R","RUN","RUSH",0
77,"O",2,8,0,7,1,10,32,"+","R","RUN","RUSH",0
78,"O",2,8,0,7,2,10,32,"+","R","RUN","RUSH",0
79,"O",2,8,0,7,3,10,32,"+","R","RUN","RUSH",0
80,"O",2,8,0,7,4,10,32,"+","R","RUN","RUSH",0
81,"D",2,9,0,7,1,10,32,"-","R","RUN","RUSH",0
